STRIKE: 1000
 Eta:	0.25	0.25	0.25	0.25	0.25	0.25	0.25	0.25	
 Alpha:	-5	-4.5	-4	-3.5	-3	-2.5	-2	-1.5	
4:	6.31719	8.43858	11.6724	16.8339	25.5461	41.2625	71.5906	130.655	
8:	11.1628	14.2646	18.5899	24.6845	33.2729	45.092	60.1458	75.7771	
16:	12.3303	14.0604	15.9546	17.9008	19.6789	20.9195	21.0874	19.5341	
32:	7.38737	7.37323	7.26371	7.03794	6.67746	6.1694	5.51024	4.71333	
64:	6.0227	6.01657	6.01015	6.00404	5.99892	5.99556	5.99474	6.00067	
128:	6.02335	6.02335	6.02335	6.02335	6.02335	6.02335	6.02335	6.02683	
256:	6.02335	6.02335	6.02335	6.02335	6.02335	6.02335	6.02335	6.02683	
512:	6.02335	6.02335	6.02335	6.02335	6.02335	6.02335	6.02335	6.02683	
1024:	6.02335	6.02335	6.02335	6.02335	6.02335	6.02335	6.02335	6.02683	
2048:	6.02335	6.02335	6.02335	6.02335	6.02335	6.02335	6.02335	6.02683	


STRIKE: 1050
 Eta:	0.25	0.25	0.25	0.25	0.25	0.25	0.25	0.25	
 Alpha:	-5	-4.5	-4	-3.5	-3	-2.5	-2	-1.5	
4:	8.11638	10.5901	14.3112	20.1706	29.9297	47.3126	80.4856	144.63	
8:	14.6886	18.3922	23.5074	30.6524	40.653	54.3754	71.954	90.7648	
16:	17.7634	20.0893	22.6827	25.4404	28.1446	30.4172	31.6976	31.291	
32:	13.1357	13.2987	13.3648	13.3064	13.0969	12.7136	12.1419	11.3826	
64:	11.2935	11.2881	11.2809	11.2724	11.263	11.2537	11.2454	11.2427	
128:	11.2766	11.2766	11.2766	11.2766	11.2766	11.2766	11.2766	11.2802	
256:	11.2766	11.2766	11.2766	11.2766	11.2766	11.2766	11.2766	11.2802	
512:	11.2766	11.2766	11.2766	11.2766	11.2766	11.2766	11.2766	11.2802	
1024:	11.2766	11.2766	11.2766	11.2766	11.2766	11.2766	11.2766	11.2802	
2048:	11.2766	11.2766	11.2766	11.2766	11.2766	11.2766	11.2766	11.2802	


STRIKE: 1100
 Eta:	0.25	0.25	0.25	0.25	0.25	0.25	0.25	0.25	
 Alpha:	-5	-4.5	-4	-3.5	-3	-2.5	-2	-1.5	
4:	10.3012	13.1429	17.3707	23.9518	34.7868	53.8707	89.9299	159.203	
8:	19.0274	23.3647	29.3096	37.5538	49.0252	64.7214	84.9085	106.999	
16:	24.7684	27.7447	31.105	34.7564	38.4852	41.9068	44.4378	45.3405	
32:	21.406	21.797	22.1004	22.2823	22.3084	22.1469	21.7724	21.1741	
64:	19.456	19.4558	19.4526	19.4464	19.4377	19.4268	19.4145	19.4058	
128:	19.4264	19.4264	19.4264	19.4264	19.4264	19.4264	19.4264	19.4302	
256:	19.4264	19.4264	19.4264	19.4264	19.4264	19.4264	19.4264	19.4302	
512:	19.4264	19.4264	19.4264	19.4264	19.4264	19.4264	19.4264	19.4302	
1024:	19.4264	19.4264	19.4264	19.4264	19.4264	19.4264	19.4264	19.4302	
2048:	19.4264	19.4264	19.4264	19.4264	19.4264	19.4264	19.4264	19.4302	


STRIKE: 1150
 Eta:	0.25	0.25	0.25	0.25	0.25	0.25	0.25	0.25	
 Alpha:	-5	-4.5	-4	-3.5	-3	-2.5	-2	-1.5	
4:	12.9297	16.1468	20.8924	28.2104	40.1405	60.9495	99.9244	174.361	
8:	24.3031	29.2896	36.0871	45.4612	58.443	76.1623	99.0181	124.46	
16:	33.6003	37.2533	41.4199	46.0179	50.839	55.4933	59.3765	61.7103	
32:	32.6844	33.3291	33.9076	34.38	34.7047	34.8413	34.7543	34.4219	
64:	31.1877	31.1952	31.1997	31.2006	31.1977	31.1911	31.1811	31.1723	
128:	31.1623	31.1623	31.1623	31.1623	31.1623	31.1623	31.1623	31.1663	
256:	31.1623	31.1623	31.1623	31.1623	31.1623	31.1623	31.1623	31.1663	
512:	31.1623	31.1623	31.1623	31.1623	31.1623	31.1623	31.1623	31.1663	
1024:	31.1623	31.1623	31.1623	31.1623	31.1623	31.1623	31.1623	31.1663	
2048:	31.1623	31.1623	31.1623	31.1623	31.1623	31.1623	31.1623	31.1663	


STRIKE: 1200
 Eta:	0.25	0.25	0.25	0.25	0.25	0.25	0.25	0.25	
 Alpha:	-5	-4.5	-4	-3.5	-3	-2.5	-2	-1.5	
4:	16.065	19.6549	24.9194	32.9794	46.0137	68.5612	110.47	190.094	
8:	30.6498	36.2798	43.9322	54.4468	68.9577	88.7275	114.289	143.13	
16:	44.5213	48.8415	53.8185	59.381	65.3266	71.2609	76.5592	80.4041	
32:	47.4094	48.2985	49.1562	49.9367	50.5914	51.0714	51.3316	51.3394	
64:	47.0198	47.034	47.0466	47.0564	47.0627	47.0648	47.0624	47.0598	
128:	47.0191	47.0191	47.0191	47.0191	47.0191	47.0191	47.0191	47.0233	
256:	47.0191	47.0191	47.0191	47.0191	47.0191	47.0191	47.0191	47.0233	
512:	47.0191	47.0191	47.0191	47.0191	47.0191	47.0191	47.0191	47.0233	
1024:	47.0191	47.0191	47.0191	47.0191	47.0191	47.0191	47.0191	47.0233	
2048:	47.0191	47.0191	47.0191	47.0191	47.0191	47.0191	47.0191	47.0233	


STRIKE: 1250
 Eta:	0.25	0.25	0.25	0.25	0.25	0.25	0.25	0.25	
 Alpha:	-5	-4.5	-4	-3.5	-3	-2.5	-2	-1.5	
4:	19.776	23.7235	29.4967	38.2925	52.4292	76.7175	121.566	206.389	
8:	38.2106	44.4535	52.9395	64.582	80.6182	102.443	130.723	162.985	
16:	57.7969	62.7314	68.4819	74.9875	82.051	89.2733	96.01	101.405	
32:	65.9467	67.0292	68.1302	69.1979	70.1761	71.0075	71.6374	72.023	
64:	67.2747	67.2907	67.3078	67.3244	67.3391	67.3507	67.3584	67.3657	
128:	67.3105	67.3105	67.3105	67.3105	67.3105	67.3105	67.3105	67.3149	
256:	67.3105	67.3105	67.3105	67.3105	67.3105	67.3105	67.3105	67.3149	
512:	67.3105	67.3105	67.3105	67.3105	67.3105	67.3105	67.3105	67.3149	
1024:	67.3105	67.3105	67.3105	67.3105	67.3105	67.3105	67.3105	67.3149	
2048:	67.3105	67.3105	67.3105	67.3105	67.3105	67.3105	67.3105	67.3149	


STRIKE: 1300
 Eta:	0.25	0.25	0.25	0.25	0.25	0.25	0.25	0.25	
 Alpha:	-5	-4.5	-4	-3.5	-3	-2.5	-2	-1.5	
4:	24.137	28.4126	34.6706	44.184	59.4095	85.4296	133.214	223.234	
8:	47.1386	53.9337	63.2047	75.9374	93.4712	117.333	148.322	184.005	
16:	73.6925	79.1382	85.5791	92.9631	101.097	109.575	117.734	124.677	
32:	88.5678	89.7493	91.016	92.3091	93.5647	94.7165	95.7002	96.4621	
64:	92.0388	92.0492	92.064	92.0815	92.1001	92.1181	92.134	92.1512	
128:	92.1051	92.1051	92.1051	92.1051	92.1051	92.1051	92.1051	92.1097	
256:	92.1051	92.1051	92.1051	92.1051	92.1051	92.1051	92.1051	92.1097	
512:	92.1051	92.1051	92.1051	92.1051	92.1051	92.1051	92.1051	92.1097	
1024:	92.1051	92.1051	92.1051	92.1051	92.1051	92.1051	92.1051	92.1097	
2048:	92.1051	92.1051	92.1051	92.1051	92.1051	92.1051	92.1051	92.1097	


